17	1	2941000	TP53	2941
12	1	1314000	KRAS	1314
4	1	937000	TET2	937
7	1	934000	EGFR	934
2	1	916000	DNMT3A	916
1	1	891000	ARID1A	891
11	1	863000	ATM	863
9	1	858000	NOTCH1	858
5	1	851000	TERT	851
5	1	791000	APC	791
2	1	773000	LRP1B	773
NA	1	728000	NA	728
3	1	699000	SETD2	699
17	1	692000	NF1	692
9	1	671000	JAK2	671
16	1	650000	CREBBP	650
20	1	643000	ASXL1	643
12	1	629000	POLE	629
22	1	588000	EP300	588
3	1	557000	PIK3CA	557
6	1	498000	ROS1	498
2	1	440000	ALK	440
13	1	438000	BRCA2	438
13	1	432000	RB1	432
7	1	425000	BRAF	425
X	1	408000	BCOR	408
19	1	407000	NOTCH3	407
19	1	397000	JAK3	397
9	1	396000	CDKN2A	396
18	1	392000	SETBP1	392
2	1	391000	SF3B1	391
1	1	383000	NRAS	383
4	1	358000	KIT	358
17	1	354000	ERBB2	354
7	1	346000	MET	346
16	1	335000	TSC2	335
10	1	319000	PTEN	319
13	1	315000	FLT3	315
4	1	314000	KDR	314
5	1	309000	PDGFRB	309
9	1	309000	PTCH1	309
4	1	307000	FBXW7	307
17	1	307000	SRSF2	307
4	1	303000	PDGFRA	303
1	1	301000	EPHA2	301
18	1	296000	SMAD4	296
19	1	283000	KEAP1	283
9	1	282000	ABL1	282
12	1	282000	ERBB3	282
4	1	279000	FGFR3	279
1	1	275000	MTOR	275
22	1	273000	BCR	273
16	1	268000	FANCA	268
3	1	268000	ATR	268
3	1	257000	CTNNB1	257
7	1	254000	SMO	254
21	1	252000	RUNX1	252
X	1	250000	AR	250
19	1	247000	STK11	247
3	1	246000	MYD88	246
1	1	243000	NOTCH2	243
12	1	239000	SH2B3	239
2	1	236000	IDH1	236
17	1	236000	BRCA1	236
7	1	235000	POT1	235
17	1	235000	PPM1D	235
2	1	235000	ERBB4	235
19	1	234000	CIC	234
1	1	232000	NTRK1	232
9	1	232000	TSC1	232
10	1	224000	RET	224
X	1	222000	ATRX	222
16	1	219000	PALB2	219
13	1	217000	FOXO1	217
3	1	215000	EPHA3	215
12	1	209000	NA	209
11	1	209000	KMT2A	209
15	1	208000	IDH2	208
6	1	207000	TNFAIP3	207
X	1	207000	STAG2	207
7	1	206000	EZH2	206
X	1	206000	MED12	206
1	1	205000	MPL	205
9	1	203000	NUP214	203
7	1	2e+05	CARD11	200
X	1	2e+05	KDM6A	200
19	1	198000	SMARCA4	198
2	1	197000	NFE2L2	197
21	1	193000	U2AF1	193
15	1	193000	NTRK3	193
2	1	192000	MSH6	192
4	1	189000	TACC3	189
6	1	187000	PRDM1	187
19	1	184000	POLD1	184
3	1	183000	BAP1	183
8	1	182000	FGFR1	182
7	1	181000	CUX1	181
15	1	180000	IGF1R	180
7	1	180000	NA	180
7	1	178000	HGF	178
11	1	178000	WT1	178
22	1	177000	CHEK2	177
19	1	177000	BRD4	177
16	1	167000	CBFA2T3	167
16	1	164000	CDH1	164
16	1	163000	CIITA	163
22	1	162000	NF2	162
16	1	162000	CARMIL2	162
2	1	160000	MSH2	160
12	1	159000	GLI1	159
22	1	157000	LZTR1	157
17	1	154000	CDK12	154
6	1	150000	CCND3	150
11	1	148000	CBL	148
12	1	148000	ETV6	148
16	1	147000	AXIN1	147
5	1	145000	DROSHA	145
1	1	145000	DDR2	145
14	1	144000	DICER1	144
16	1	142000	IRF8	142
12	1	141000	PTPN11	141
20	1	139000	GNAS	139
19	1	138000	CALR	138
20	1	138000	PLCG1	138
8	1	138000	MYC	138
17	1	138000	IKZF3	138
19	1	137000	ERCC2	137
10	1	137000	GATA3	137
1	1	136000	CSF3R	136
3	1	135000	MLH1	135
19	1	133000	TYK2	133
19	1	132000	TCF3	132
12	1	132000	HNF1A	132
10	1	132000	FGFR2	132
X	1	127000	ZRSR2	127
2	1	127000	CXCR4	127
6	1	125000	ESR1	125
3	1	124000	TP63	124
18	1	123000	BCL2	123
16	1	123000	PLCG2	123
17	1	121000	NA	121
3	1	118000	DPH3	118
1	1	116000	TNFRSF14	116
5	1	116000	CEP72	116
6	1	115000	NFKBIE	115
5	1	114000	PIK3R1	114
15	1	114000	PML	114
1	1	112000	NA	112
X	1	110000	PHF6	110
5	1	109000	CSF1R	109
19	1	108000	CEBPA	108
12	1	107000	LAG3	107
14	1	106000	AKT1	106
X	1	106000	ARAF	106
19	1	105000	KLF2	105
16	1	105000	SOCS1	105
8	1	105000	NA	105
1	1	105000	JAK1	105
9	1	105000	NTRK2	105
4	1	104000	NSD2	104
17	1	103000	POLR2A	103
16	1	102000	TRAF7	102
10	1	102000	PLEKHS1	102
9	1	1e+05	FANCG	100
1	1	1e+05	IKBKE	100
2	1	98000	CASP8	98
1	1	98000	SPOCD1	98
3	1	97000	RHOA	97
17	1	97000	STAT5B	97
15	1	97000	MAP2K1	97
5	1	94000	NPM1	94
11	1	93000	NA	93
17	1	93000	STAT3	93
3	1	93000	KLHL6	93
19	1	92000	NA	92
X	1	91000	ZMYM3	91
10	1	90000	FAS	90
3	1	90000	CBLB	90
12	1	90000	STAT6	90
8	1	89000	MYBL1	89
X	1	89000	DDX3X	89
19	1	89000	CCNE1	89
14	1	89000	NKX2-1	89
14	1	87000	FOXA1	87
11	1	86000	FANCF	86
6	1	85000	MYB	85
9	1	83000	CD274	83
3	1	83000	BCL6	83
X	1	82000	BTK	82
2	1	82000	MYCN	82
1	1	81000	CD58	81
9	1	80000	PAX5	80
1	1	80000	MCL1	80
5	1	79000	ITK	79
3	1	78000	GATA2	78
6	1	78000	PIM1	78
11	1	77000	BIRC3	77
1	1	76000	MDM4	76
22	1	76000	IL2RB	76
5	1	76000	IL7R	76
1	1	76000	ABL2	76
2	1	76000	CUL3	76
16	1	75000	GLIS2	75
6	1	75000	SGK1	75
7	1	75000	IKZF1	75
1	1	74000	TAL1	74
11	1	71000	CCND1	71
16	1	71000	CYLD	71
12	1	71000	CDKN1B	71
9	1	70000	KLF4	70
13	1	70000	CYSLTR2	70
11	1	69000	FGF3	69
5	1	66000	EGR1	66
1	1	65000	MYCL	65
7	1	65000	PMS2	65
8	1	64000	RAD21	64
11	1	63000	MEN1	63
1	1	63000	PIK3CD	63
11	1	62000	YAP1	62
3	1	62000	FOXL2	62
17	1	62000	GNA13	62
20	1	60000	AURKA	60
1	1	60000	ERRFI1	60
3	1	60000	VHL	60
6	1	60000	STX11	60
6	1	60000	VEGFA	60
6	1	59000	IRF4	59
19	1	59000	EPOR	59
17	1	58000	RARA	58
1	1	58000	TNFRSF1B	58
5	1	58000	DDX41	58
19	1	58000	MEF2B	58
9	1	57000	PDCD1LG2	57
19	1	57000	MAP2K2	57
1	1	57000	ID3	57
9	1	57000	GNAQ	57
10	1	57000	SUFU	57
6	1	56000	CD83	56
17	1	56000	CD79B	56
20	1	55000	SRC	55
22	1	55000	EWSR1	55
10	1	55000	NFKB2	55
19	1	55000	PPP2R1A	55
12	1	54000	CCND2	54
2	1	54000	PDCD1	54
X	1	54000	UBA1	54
9	1	54000	CDKN2B	54
4	1	53000	PHOX2B	53
11	1	52000	HRAS	52
12	1	52000	MDM2	52
9	1	52000	TRAF2	52
1	1	52000	FH	52
9	1	52000	NA	52
5	1	51000	HAVCR2	51
5	1	50000	NA	50
19	1	49000	VAV1	49
1	1	49000	MEF2D	49
10	1	49000	SMC3	49
20	1	49000	PLCB1	49
3	1	49000	RAF1	49
14	1	49000	NA	49
3	1	49000	NA	49
19	1	48000	CD79A	48
X	1	48000	FOXR2	48
3	1	48000	CCR4	48
17	1	48000	HOXB13	48
4	1	48000	NA	48
X	1	47000	SMC1A	47
1	1	47000	FUBP1	47
15	1	46000	B2M	46
22	1	45000	SMARCB1	45
17	1	44000	PRKCA	44
19	1	44000	S1PR2	44
6	1	44000	FYN	44
19	1	44000	GNA11	44
9	1	43000	SYK	43
2	1	43000	XPO1	43
3	1	42000	TBL1XR1	42
2	1	42000	NA	42
12	1	41000	ZNF384	41
2	1	41000	CD28	41
6	1	41000	NA	41
11	1	40000	RELA	40
13	1	40000	NUDT15	40
16	1	40000	NA	40
5	1	40000	NR3C1	40
12	1	40000	ETNK1	40
5	1	39000	EBF1	39
11	1	38000	FGF4	38
11	1	38000	CHEK1	38
3	1	38000	SOX2	38
20	1	38000	ITCH	38
19	1	37000	AKT2	37
12	1	35000	CDK4	35
1	1	35000	CDKN2C	35
7	1	35000	RAC1	35
X	1	35000	CRLF2	35
1	1	35000	SDHB	35
17	1	35000	FLCN	35
11	1	35000	APLNR	35
1	1	34000	GNB1	34
10	1	34000	NA	34
1	1	33000	AKT3	33
21	1	32000	ERG	32
17	1	32000	SPOP	32
1	1	32000	RRAGC	32
2	1	31000	IKZF2	31
11	1	31000	SDHD	31
19	1	31000	ERCC1	31
20	1	31000	NA	31
X	1	31000	GATA1	31
2	1	30000	PCBP1	30
6	1	29000	HIST1H3B	29
19	1	28000	RPS15	28
1	1	28000	H3F3A	28
1	1	26000	RIT1	26
1	1	26000	LCK	26
6	1	26000	TMEM30A	26
13	1	26000	NA	26
7	1	25000	CDK6	25
1	1	25000	SDHC	25
6	1	24000	DEK	24
8	1	23000	LYN	23
17	1	23000	SMARCE1	23
6	1	23000	TPMT	23
22	1	22000	NA	22
17	1	22000	RAD51D	22
X	1	22000	PIGA	22
2	1	22000	STAT1	22
2	1	22000	ICOS	22
10	1	21000	NT5C2	21
1	1	21000	BCL10	21
X	1	20000	NA	20
12	1	18000	MLL2	18
10	1	17000	ANKRD26	17
2	1	17000	CTLA4	17
X	1	16000	EIF1AX	16
22	1	16000	MAPK1	16
16	1	15000	CBFB	15
15	1	15000	NA	15
9	1	15000	HNRNPK	15
17	1	13000	H3F3B	13
5	1	12000	CSNK1A1	12
1	1	11000	SPEN	11
18	1	10000	NA	10
8	1	9000	ELOC	9
5	1	9000	MSH3	9
20	1	9000	MYH7B	9
12	1	8000	PIK3C2G	8
11	1	8000	MLL	8
X	1	8000	BCORL1	8
5	1	7000	MAP3K1	7
15	1	7000	LTK	7
X	1	7000	FAM123B	7
3	1	7000	MST1R	7
13	1	7000	IRS2	7
5	1	6000	SDHA	6
7	1	6000	RHEB	6
2	1	6000	MERTK	6
20	1	5000	ZNF217	5
17	1	5000	RNF43	5
4	1	5000	WHSC1	5
8	1	5000	ZNF703	5
19	1	5000	CD22	5
9	1	5000	TEK	5
3	1	4000	EPHB1	4
7	1	4000	GRM3	4
1	1	4000	PIK3C2B	4
11	1	4000	MRE11A	4
5	1	4000	CTNNA1	4
9	1	4000	FANCC	4
4	1	4000	INPP4B	4
15	1	4000	TYRO3	4
19	1	4000	AXL	4
7	1	4000	EPHB4	4
3	1	4000	PARP3	4
3	1	4000	TGFBR2	4
16	1	4000	MYH11	4
13	1	4000	DIS3	4
1	1	3000	MYCL1	3
17	1	3000	ALOX12B	3
11	1	3000	ANO3	3
17	1	3000	SOX9	3
13	1	3000	FLT1	3
17	1	3000	MAP2K4	3
12	1	3000	ACVR1B	3
6	1	3000	PARK2	3
1	1	3000	MUTYH	3
12	1	3000	TBX3	3
11	1	3000	EMSY	3
12	1	3000	PTPRO	3
1	1	3000	HSD3B1	3
12	1	2000	KDM5A	2
17	1	2000	AURKB	2
2	1	2000	BARD1	2
6	1	2000	DAXX	2
7	1	2000	KEL	2
3	1	2000	MAP3K13	2
18	1	2000	GATA6	2
X	1	2000	P2RY8	2
X	1	2000	RBM10	2
18	1	2000	SMAD2	2
11	1	2000	FGF19	2
8	1	2000	GATA4	2
5	1	2000	SNCAIP	2
4	1	2000	IRF2	2
1	1	2000	HMCN1	2
19	1	2000	DOT1L	2
16	1	2000	CTCF	2
17	1	2000	BRIP1	2
6	1	2000	BACH2	2
14	1	2000	BCL2L2	2
14	1	2000	RAD51B	2
16	1	2000	ERCC4	2
5	1	2000	GABRA6	2
1	1	2000	TNFRSF9	2
3	1	2000	PBRM1	2
1	1	2000	PARP1	2
3	1	2000	GSK3B	2
14	1	2000	NFKBIA	2
14	1	2000	PARP2	2
5	1	2000	FGFR4	2
8	1	2000	WHSC1L1	2
19	1	1000	BORCS8-MEF2B	1
6	1	1000	DDR1	1
11	1	1000	EED	1
17	1	1000	C17orf39	1
12	1	1000	BTG1	1
13	1	1000	CUL4A	1
2	1	1000	PDK1	1
3	1	1000	PIK3CB	1
2	1	1000	REL	1
3	1	1000	FGF12	1
8	1	1000	PPP2R2A	1
5	1	1000	RICTOR	1
22	1	1000	RP1-85F18.6	1
21	1	1000	NA	1
1	1	1000	FAF1	1
12	1	1000	HDAC7	1
7	1	1000	MLL3	1
8	1	1000	GPR124	1
6	1	1000	CDKN1A	1
6	1	1000	TFEB	1
9	1	1000	LOC100507346	1
17	1	1000	RPTOR	1
12	1	1000	RAD52	1
1	1	1000	RAD54L	1
3	1	1000	PRKCI	1
13	1	1000	SGCG	1
9	1	1000	MTAP	1
1	1	1000	SDCCAG8	1
2	1	1000	FANCL	1
13	1	1000	CDK8	1
2	1	1000	PCBP1-AS1	1
5	1	1000	FGF10	1
1	1	1000	FAM46C	1
8	1	1000	ZMAT4	1
12	1	1000	FGF6	1
8	1	1000	NBN	1
10	1	1000	CYP17A1	1
6	1	1000	HLA-B	1
